53298
2855124
196662
17462
20920
49206
3260
15000
15000
15000
15000
15000
15000
15000
15000
15000
15000
15000
15000
15000
15000
15000
15000
15000
15000
15000
15000
15000
15000
15000
15000
15000
171
17636
17660
17660
68168
308136
52616
34572
247036
17576
67832
9384
307768
68336
307484
307620
67844
307288
34572
307288
140120
34572
34644
36
141
11
307320
111
11
116
9260
287800
287800
287800
287800
287800
301556
3128
573472
573472
573472
573472
573472
573472
573472
573472
573472
573472
573472
573472
573472
573472
573472
573472
573472
573472
573472
573472
573472
573472
573472
573472
20920
287800
287800
1312
224
287796
4192
16928
2080
2080
2080
2080
2080
2080
4128
96
224
544
160
1056
2080
2144
2144
2144
2144
4096
12344
103
4096
12344
101
4096
12344
103
4096
12344
103
4096
49208
104
10240
4096
4096
4096
524320
524320
524320
524320
524320
524320
524320
524320
524320
524320
524320
524320
524320
524320
524320
524320
524320
524320
524320
524320
524320
524320
524320
524320
524320
524320
4128
4128
4128
4128
4128
4128
224
352
2144
2144
72
160
224
5152
608
224
128
608
1312
608
224
224
2144
2144
1120
2144
1120
608
352
4192
224
4192
8288
2144
2144
17440
2144
2144
2144
544
288
544
352
3104
608
17440
2144
8288
17440
2144
2144
2144
2144
2144
2144
2144
2144
2144
2144
2144
2144
2144
2144
9248
2144
2144
2144
2144
2144
2144
2144
2144
2144
2144
2144
2144
2144
2144
2144
2144
2144
2144
2144
2144
2144
2144
2144
2144
2144
2144
2144
2144
2144
2144
2144
2144
2144
2144
2144
2144
2144
2144
2144
2144
2144
2144
2144
2144
2144
4192
608
1120
1120
1120
1120
1120
1120
1120
608
2080
608
224
608
9248
160
104
128
608
224
608
224
608
608
608
608
608
608
352
1312
9248
1312
352
2144
608
608
608
608
608
608
608
608
608
608
608
608
608
608
608
2144
224
352
1120
2144
8288
2144
4192
224
352
224
4128
8288
2144
1120
224
224
224
4192
4192
4192
352
1312
128
128
4192
608
4192
4192
4192
352
9248
3027744
694149
123724
7488
488
3984
362
2588928
564852
70850
8928
518
63623
2895712
481872
47131
6720
493
3354800
817950
95641
10560
488
2790864
536623
62663
2272
450
3387776
638709
113944
3120
403
1747376
50927
531
608
487
3223008
767676
92742
4848
518
3342560
632021
109147
11248
876
1205216
391740
20406
1202336
391706
527984
45497
11360
488
540112
33296
9840
488
866576
109300
35756
11248
914
3055056
603967
101251
3120
490
9596
9802
17848
20352
12
4754
12352
15912
18176
331
12
10098
31840
41084
22912
102
12
10840
30640
39316
26496
404
12
15980
38560
49832
18528
209
204
512
368
368
4224
112
12
18710
46704
60712
66624
115
204
512
368
383
4224
112
12
17920
44416
57560
36576
326
204
512
368
374
640
110
12
14308
33168
42960
66624
113
204
512
368
380
4224
112
12
12568
33776
43644
8672
209
12
17290
41248
53016
66624
113
12
14986
37056
48124
66624
104
12
16752
42064
54568
68192
212
12
17378
43568
56488
70336
318
204
512
368
372
4224
112
12
7222
20368
26236
66624
147
12
9624
27264
35280
16960
112
12
6398
16624
21328
17472
113
12
17952
42128
54480
9280
97
12
1080
3072
3728
5184
108
204
512
368
370
4224
112
12
9020
22576
29180
9568
204
12
20114
48304
62544
66624
109
12
7584
19920
25396
10688
296
12
9200
25296
32720
66624
109
204
512
368
371
640
102
12
15702
35792
46164
6496
409
2544
1840
3728
256
103
15382
16640
32624
11968
331
1764
2240
3248
5184
97
4034
2336
5040
128
101
2244
1360
2704
128
101
1724
1216
2320
128
101
1868
1232
2384
128
101
1128
1584
2012
7328
211
912
4032
3888
5904
316
1128
1584
2012
7328
211
912
4032
3888
5904
316
1128
1584
2012
7328
211
912
4032
3888
5904
316
1128
1584
2012
7328
211
912
4032
3888
5904
316
288
800
700
1152
100
120
1824
2620
353
2784
216
120
1824
2620
350
2784
215
120
1824
2620
362
2784
219
556
1824
2620
353
2784
216
120
1824
2620
359
2784
218
556
1824
2620
350
2784
215
676
1280
1500
329
2400
210
1400
2192
3168
359
2176
107
1028
3024
4248
351
11424
327
368
960
1168
2112
98
1672
1392
2608
128
101
1564
1360
2528
128
101
1552
1360
2528
128
101
3800
2560
5248
128
101
1024
1456
2768
128
101
1462
1456
2768
256
106
2706
1776
3568
256
100
12
17214
44384
57132
32032
824
12
7882
23840
30572
32032
824
12
17500
43312
55852
33024
774
12
17092
41792
53932
28448
873
12
17248
42608
54616
31008
905
4116
19008
28036
2168
32928
1556
4170
6960
9196
1369
18720
907
6998
12256
17424
1946
23008
1130
6226
15856
21196
367
33984
1674
1648
27392
36824
2204
37872
1783
1676
19552
26948
2809
37520
1465
12
17076
43120
55596
33024
783
12
17876
44544
57432
29536
912
12
17492
44320
57004
28928
780
12
18048
45168
58072
29504
869
12
17340
42784
55340
28448
815
12
17664
42960
55128
28544
946
120
3520
5260
1262
23008
180
4126
10928
16472
1264
45120
924
3730
18960
28684
1119
52064
1261
6976
9216
13672
1174
37984
824
6928
8208
12532
1177
46112
825
14936
23600
36380
1823
36336
1208
5576
6160
9088
1228
15888
706
12674
13200
20364
2544
26992
1007
7682
8352
12848
2212
15888
706
3566
6880
10020
3868
42592
588
2784
9664
15000
1238
40448
604
10746
20880
26300
6810
73472
524
4784
6768
10632
3510
21888
283
12
16744
41232
53208
30080
992
12
17270
43152
55596
29984
875
12
17338
42976
55128
28544
993
12
16878
41248
53164
29472
849
12
17792
44496
57260
29472
827
3268
8240
15568
673
17728
425
3120
8240
15568
675
17728
425
3176
8240
15568
675
17728
425
24826
25392
55924
2157
67632
927
9070
15712
29372
1804
102304
1279
9070
15712
29372
1806
102304
1279
9070
15712
29372
1785
102304
1279
18040
16960
32048
533
55008
1143
1956
1968
4048
819
8768
106
1980
8400
12532
2626
38160
704
61374
87664
137392
4888
247824
3258
7508
8480
12208
1379
65792
848
504
4080
6080
977
6480
320
9320
22224
30636
2714
59280
1820
9320
22224
30636
2712
59280
1820
12528
27264
39136
1073
75664
1906
10132
21600
29548
3053
54032
1578
8004
23216
32636
2187
58896
1819
12
16922
41104
52908
27936
790
12
17270
42176
54188
27936
886
12
17736
44368
57176
28544
992
12
17596
44496
57260
29984
875
1510
2240
3248
371
1120
109
12
16916
43264
55468
27936
829
12
17132
42688
54956
28928
763
12
17276
43296
55852
28928
793
12
18336
44608
57392
29216
1200
12
18210
44224
56876
35072
797
12
17980
44464
57516
27936
826
120
4496
7088
334
131136
106
9132
16624
23108
333
30384
1799
5636
12944
17532
346
17600
1338
810
1776
2152
348
12992
340
412
1344
1352
348
3392
339
120
1328
1588
353
4272
213
1296
33904
48416
3115
50064
2087
1356
43088
69696
2946
33360
1643
1356
38336
63276
3488
30032
1389
2334
53040
86624
2162
32624
1761
2334
53040
86624
2156
32624
1761
12
17202
42416
54572
28928
694
12
17258
43136
55340
28928
694
12
17326
43312
55640
31008
905
12
17130
42160
53976
31008
923
12
18082
44736
57432
29504
834
12
16662
40816
52312
31008
929
16928
23712
35220
9503
65280
1477
18838
45360
72572
7148
63040
1385
12332
13744
21468
5418
59072
409
20906
54752
79288
10763
146848
3543
12
18328
45104
58156
28928
903
12
18238
48288
62508
37120
853
12
18722
46912
59996
35712
1400
12
17502
45152
58072
34592
925
1080
34096
54368
2586
44192
1684
12
7134
17584
22736
608
125
12
9696
26176
33788
1184
198
4586
4384
6860
17504
225
10140
13472
22140
1184
202
8844
9920
15672
19072
314
8844
9920
15672
19072
314
8844
9920
15672
19072
314
8844
9920
15672
19072
314
8948
9920
15672
19072
314
8948
9920
15672
19072
314
8948
9920
15672
19072
314
8948
9920
15672
19072
314
8948
9920
15672
19072
314
12
17576
43472
56108
28928
837
12
17630
43536
56172
28928
799
12
18402
42960
55340
18848
805
12
17428
43136
55596
29440
809
12
17542
43392
55980
28928
822
1386
496
336
696
2144
101
852
39520
60332
2193
40576
2418
1386
496
336
534
2144
101
120
2880
4140
1909
24192
202
33018
25344
41980
42592
177
120
1856
2540
359
1696
175
1892
2544
3512
358
2304
323
12
18760
47504
61612
25920
767
12
17142
41456
53164
28928
727
12
19148
48752
63148
27456
755
12
18988
47760
61996
25920
755
12
19150
47936
62252
25920
707
12
18954
47760
61996
25920
730
12
18774
47504
61612
25920
716
12
17490
42704
54700
28928
717
12
19094
47936
62252
33056
730
12
17834
45152
58328
34624
831
12
22394
56768
73112
40192
858
12
17042
42512
54700
28928
747
12
18956
47232
61228
27456
732
12
19022
47408
60908
33024
749
12
18498
46832
60972
28992
732
12
33754
82336
105504
35056
1840
12
16518
40384
51884
28928
748
12
18000
44192
57132
28928
772
12
17264
44208
56876
28928
711
12
19550
46704
60100
29632
1100
12
17306
43328
55596
28928
779
12
17316
43776
56236
33024
763
12
17018
41424
53420
28448
907
204
512
368
360
640
102
12
18350
45904
59096
29024
966
12
4212
9280
11856
8768
123
12
3932
9280
11856
8768
124
12
4044
9280
11856
8768
124
12
3768
8848
11216
8768
124
12
4440
9104
11600
8768
127
12
3778
9584
12304
8768
117
12
3706
8976
11408
8768
117
12
4376
9760
12560
8768
138
12
4750
11856
15100
6240
232
12
4690
11952
15228
6240
233
12
4742
12032
15356
6240
238
12
5090
12032
15356
6240
234
12
4756
11632
14780
6240
233
12
8872
23984
31016
13984
371
12
8654
23696
30312
18080
400
12
8572
22176
28712
13984
366
12
8572
22176
28712
13984
366
12
8572
22176
28712
13984
366
12
8572
22176
28712
13984
364
12
1158
3952
5008
608
108
12
4738
11376
14608
608
138
12
1704
4368
5328
608
135
12
830
2672
3152
1600
134
12
774
2416
2768
1600
137
12
1602
4000
5072
1120
134
12
4028
9856
12688
8768
122
12
4214
10208
12988
10848
245
12
4286
10928
13968
8768
122
12
4074
9680
12432
8768
130
12
3908
10224
12944
8768
122
12
3958
9504
12176
8768
122
12
4052
9456
12112
8768
148
12
4102
9456
12112
8768
147
12
3884
9104
11600
8768
147
12
4102
9456
12112
8768
147
12
4074
9680
12432
8768
141
12
3858
9504
12176
8768
119
12
4426
10368
13136
8768
140
12
4426
10368
13136
8768
140
12
3908
10224
12944
8768
127
12
3964
9504
12176
8768
133
12
3860
9232
11792
8768
118
12
4080
10224
12944
8768
118
12
3964
9504
12176
8768
116
12
3908
9504
12176
8768
117
12
4072
9584
12304
8768
118
12
3918
9680
12432
8768
140
12
5112
11856
15100
6240
227
12
4948
11424
14460
6240
226
12
5040
11776
14972
6240
229
12
5048
11776
14972
6240
234
12
5048
11856
15100
6240
230
12
4774
11584
14716
5760
293
12
4948
11424
14460
6240
247
12
4760
11680
14844
5760
295
12
5112
11856
15100
6240
227
12
5048
11776
14972
6240
234
12
1704
4368
5328
608
135
12
17074
42960
55084
28928
766
12
17412
42864
55212
28928
699
12
18408
42336
54444
28928
700
12
16952
41600
53676
27936
848
12
4172
8448
10640
8768
113
12
1188
3424
4240
2624
137
12
544
2128
2640
2144
143
12
544
2128
2640
2144
143
12
544
2128
2640
8288
145
12
5586
12144
15592
3776
421
12
120
6512
8000
9360
207
12
8182
21888
28008
13984
351
12
7978
22064
28264
13984
352
12
8064
21888
28008
13984
361
12
7970
21888
28008
13984
366
12
8834
23696
30312
13984
361
12
7752
21968
28136
13984
347
12
7752
21968
28136
13984
346
12
8834
23696
30312
13984
361
12
8086
21344
27496
13984
362
12
8486
21600
27560
13984
442
12
8316
21296
27432
13984
442
12
8242
21600
27560
13984
442
12
8402
21248
27368
13984
360
12
7954
21888
28008
13984
366
12
8266
22064
28264
13984
394
12
8326
21600
27560
13984
419
12
8496
23648
30356
14560
480
12
8546
23376
29972
14560
478
12
8402
21248
27368
13984
355
12
8086
21344
27496
13984
373
12
8086
21344
27496
13984
354
12
8184
22064
28264
13984
358
12
8402
21248
27368
13984
367
12
14776
37504
48300
25472
877
12
8182
21888
28008
13984
361
12
8086
21344
27496
13984
360
12
8402
21248
27368
13984
357
12
8102
21888
28008
13984
386
12
8010
21888
28008
13984
386
12
7970
21888
28008
13984
373
2432
1776
3568
358
256
105
204
512
368
360
640
102
12
5108
14480
18512
5184
104
2412
10212
27952
36092
5184
97
12
5566
14896
18940
6752
226
12
5120
12112
15484
6240
230
988
7804
17824
23168
7808
348
12
5968
14112
18044
6752
232
12
5962
14112
18044
6752
232
796
6670
15152
19584
7808
347
12
6168
14288
18300
6240
228
12
3696
7648
9596
5184
114
12
8134
17632
22800
4672
116
12
5210
11952
15440
5184
116
988
4764
12992
16764
3680
224
12
17786
40368
52180
17696
205
12
12912
29216
37840
16960
106
12
16370
33600
43600
16960
105
12
4750
14368
18428
17472
123
12
5222
11680
15056
8768
113
12
3634
8400
10576
4672
114
12
16956
34064
43984
16960
105
12
6196
16272
20816
4672
103
12
4648
12528
15952
4672
103
12
3786
8320
10448
4672
104
12
17372
34512
44624
16960
105
12
17266
34512
44624
16960
105
12
15046
29040
37372
19616
204
12
21412
47072
60968
16576
305
12
3186
8448
10640
8768
122
12
9590
25888
33404
21600
225
12
19684
44192
57384
30336
358
12
17734
42544
54740
29888
329
12
19868
47984
61568
32480
436
12
20284
45216
58600
30336
358
12
22978
52112
67580
25696
235
12
14548
31616
40828
13408
222
12
17796
37184
47996
21600
216
12
11526
32304
41896
9376
204
12
7106
23120
29736
9376
204
12
16440
42432
54444
29984
426
24772
74676
276176
357284
65440
2077
12
15116
37664
48492
20160
418
12
14416
37056
47596
27904
524
12
8776
22000
28456
18080
360
12
14226
37248
47852
27904
524
12
14744
37248
47852
27904
508
12
11518
24864
32084
10496
401
12
4668
12960
16592
4672
102
12
484
1248
1360
640
91
12
762
2448
2832
1600
121
12
762
2448
2832
1600
121
12
4212
11072
13948
2624
99
12
3472
9200
11728
640
122
12
6094
14768
19068
2624
101
12
5228
12432
15824
640
122
2412
10240
27952
36092
5184
97
12
644
2032
2512
640
96
12
644
2032
2512
640
96
12
2066
5072
6352
832
115
12
644
2416
2768
640
108
12
644
2032
2512
640
108
12
6948
16768
21628
33440
235
844
3646
8512
10920
7808
414
620
3640
9872
12540
992
254
964
4946
13008
16616
7808
339
1292
5650
14544
18684
3680
216
620
3480
9776
12412
3680
216
732
3492
8608
11004
3680
224
12
3288
12288
15740
5184
110
916
5198
13056
16576
7808
336
12
4860
14416
18352
7824
336
12
4938
14336
18428
6240
218
12
5352
12816
16508
3680
216
988
4756
13088
16892
3680
216
732
5888
14976
19180
7808
336
12
3532
7296
9084
5184
110
956
4538
11392
14716
17472
113
940
5912
15664
19924
6784
336
12
4424
12384
15868
6240
218
1244
6010
15216
19496
5248
336
12
4900
11856
15312
4672
99
12
4036
9632
12368
5184
98
12
4164
10544
13392
5184
108
12
5768
12304
15632
4672
107
12
3002
7984
10256
4672
104
12
5878
13136
16848
5184
97
12
4426
10688
13692
6240
217
12
3000
9120
11432
5792
190
12
2946
9296
11688
5792
199
12
2400
6048
7760
2144
107
12
3116
8576
10832
5184
105
12
4026
9904
12752
4672
98
12
3124
7760
9936
2144
111
12
4332
10624
13520
4672
110
12
3326
8496
10704
4672
107
12
3518
8320
10448
4672
99
12
2592
6528
8144
4672
113
12
5116
11072
14160
4672
97
12
3028
7936
10192
3136
109
12
3470
8496
10704
3136
109
12
6196
21408
27816
5792
197
12
5374
15040
19328
6304
217
12
6122
21056
27304
6304
213
12
7228
15808
20432
4672
109
12
2702
7584
9680
2144
97
12
3148
8672
10960
4672
105
12
3412
8320
10448
4672
119
12
6716
16448
21072
4672
102
12
6562
15632
20176
4672
105
12
3876
9632
12368
4672
106
12
2996
7584
9680
4672
102
12
8168
17408
22480
4672
106
12
3128
9280
11856
4672
105
524
16856
40592
52224
13632
317
1324
16386
37792
48724
22336
323
1628
14448
36064
46336
22432
418
1948
18898
44800
58156
23968
426
1900
20242
46608
60160
22944
407
12
3538
9328
12028
33888
246
1532
17160
41264
53204
14144
307
524
11030
27152
34772
22336
307
12
16250
36400
46996
18304
319
12
6446
15360
19792
4672
109
1612
12726
32704
41940
22336
309
12
17264
36512
46976
18080
207
1228
11898
30144
38864
8768
117
524
13248
31872
41212
21600
216
524
16724
34016
44028
21600
224
12
15938
34560
44308
17696
208
948
16266
37568
48404
9504
204
524
20832
42528
54956
25536
516
1740
15588
37088
47700
22336
325
12
2034
5696
7248
1600
108
12
2616
6832
8700
1600
110
12
1586
5072
6352
1600
108
12
1156
3904
4944
1600
108
12
1436
4960
6268
1600
108
12
916
3648
4560
1600
113
12
1206
3552
4432
2112
111
12
916
3648
4560
1600
111
12
916
3648
4560
1600
113
12
956
2944
3536
1600
112
12
956
2944
3536
1600
112
12
520
1680
2000
1600
107
12
520
1680
2000
1600
107
12
864
2496
2896
1600
112
220
16680
35776
45824
21632
323
12
4840
12256
15568
16960
112
12
17794
35392
45904
16960
113
156
9838
24064
30928
17472
106
12
16512
32368
41808
8768
111
12
5228
13056
16720
4672
107
12
17504
36576
46976
21632
311
12
4610
12608
16080
16960
114
12
17502
37008
47404
21984
416
12
17400
35296
45776
17472
108
12
9680
24272
31356
17472
125
12
9664
23312
30160
17472
104
12
18894
38800
50256
16960
107
12
7980
18512
23760
16960
116
12
18718
41120
52904
26752
321
12
18968
48336
62124
31008
427
12
21686
48528
62716
26720
217
12
25396
57552
74408
23744
312
12
19844
43440
56188
26720
227
12
17924
40432
52564
29888
329
12
19626
45440
58752
34016
436
12
21722
49296
63912
28800
312
12
17700
36880
47868
22112
214
12
11326
27696
35920
17472
108
12
19816
42688
55100
37472
245
12
26198
59152
76712
34432
357
12
25666
58416
75688
26784
321
12
12284
28256
36432
8768
110
12
27326
72816
94292
28864
422
12
22996
51840
67196
22112
230
12
18324
39152
50556
22112
206
12
18418
39808
51624
24704
312
12
18726
39856
51580
11360
222
12
10068
34544
43820
25856
299
12
18560
41296
53372
26720
213
12
17482
45520
58668
30496
404
12
21280
55552
71724
25856
318
12
17932
37872
49020
26208
233
908
9760
24336
31312
4672
98
12
9088
22784
29392
2144
107
12
6816
16272
20816
4672
104
12
5752
14400
18384
2624
105
12
8156
19216
24784
2624
102
12
10426
26032
33488
4672
101
23996
67672
267904
346036
63840
1839
12
3276
8720
11132
384
109
12
3710
9376
11772
2112
112
12
2538
6528
8144
384
110
12
2374
6528
8144
384
110
12
1138
3376
4176
608
110
12
2346
6912
8828
1600
102
12
2134
5504
6780
1600
102
12
1930
5136
6524
1600
102
12
3644
9024
11472
640
107
12
3058
7840
9852
1248
220
12
2694
6912
8828
1600
102
12
4672
14976
19324
1600
102
12
4536
12288
15740
2112
108
12
1610
4976
6012
1600
102
12
2680
6880
8656
1600
102
12
4784
14976
19324
1600
102
12
2820
6928
8828
1600
102
12
2828
7184
9212
384
109
12
3434
8368
10620
384
109
12
2080
5744
7420
1600
110
10476
76446
212864
276528
74528
945
12
79714
225792
293280
84384
1432
15740
76232
223536
290356
48704
1049
12
1704
4368
5328
608
105
12
3898
10272
13008
2176
104
12
3784
7936
10192
4672
105
12
16446
36160
46636
6624
649
12
8998
23392
30076
9568
204
12
2804
9248
11564
4672
550
12
1994
8400
10728
2336
226
12
9366
23680
29892
7520
920
12
1188
3424
4240
2624
104
12
3220
7056
8912
256
108
12
1668
5648
6868
3488
394
12
5756
12704
16208
3136
100
12
3158
7312
8860
8160
414
12
120
1760
1916
10432
199
12
1524
3648
4560
608
106
1300
1920
2928
5184
97
3534
4256
6212
635
3456
227
12
17644
45584
58540
28928
723
12
17596
43216
55724
37120
707
13332
81034
225760
292956
67936
992
12
86538
239968
311364
129376
1494
15662
22160
33244
1186
37760
1206
22082
45872
73052
925
97984
1556
1110
34208
51316
2291
92160
1824
3760
33328
46504
2611
71376
3133
3850
34016
47028
3017
76528
3244
17680
31680
48988
1462
101472
1692
2360
40080
61920
3771
33808
2134
1928
29344
42040
3955
35696
2034
2168
27200
39524
3987
33968
1808
2262
67808
103696
1667
32432
2517
1252
45152
72148
3577
30320
2207
1544
42304
67188
3729
39792
1838
6776
24656
40536
1870
41776
1151
1216
43072
68168
2946
40496
2185
26098
58448
90676
947
67952
3157
1252
37504
59168
3782
53824
1885
14650
33328
46332
3337
55760
2223
1352
38816
61508
3094
53824
1884
41106
42720
78748
84384
840
1296
31632
47112
2301
34160
1534
4616
45008
65220
2726
36016
2188
13096
20784
28532
848
63808
1969
1928
28256
38744
1847
63408
1952
1300
37120
58176
3029
41088
1692
1352
36592
57832
3039
37056
1689
23216
31104
47756
26336
382
1356
45392
72776
2997
33360
1643
12332
24016
35644
993
33280
1486
1204
36432
56848
2088
30672
1337
2232
57520
84460
2822
69920
2608
540
44432
64208
3306
48336
2372
1356
40224
66436
3736
30032
1389
14858
19808
30180
360
20288
1231
540
54384
88980
941
32624
1761
16090
24480
35952
1094
33104
1138
1678
46384
64868
2135
53712
1965
9864
18528
25904
1094
29888
1540
1236
28768
42540
3134
39312
1965
1826080
792460
1612260
2502284
2675396
236396
59424
2375804
585500
1979660
2400708
132672
1877992
954692
1602464
2826744
2421548
690244
1736400
2598656
1199456
523232
1406416
3150416
2646460
761576
1807276
2400532
197260
519892
945632
843268
333456
28776
57684
1157268
2211216
733256
1805116
2585552
2332864
761928
1809404
2600712
986840
958076
285968
890724
2438236
327652
14944
890724
996488
285972
890724
2495364
256608
69372
890724
950064
8374692
615100
1354868
286412
1644704
1723220
4740
1965376
733436
2637796
2714168
33166
6
2134
144631
6292
301
7787
23180
6
4126
781
26887
662
1388
2001
4845
9180
6
6
4035
20426
7276
1775
10964
22450
69719
42004
22874
15012
43
9419
2409
2833
4841
6
3167
38219
13253
6001
711
7479
38873
13749
36221
38188
31754
64
438
1151
10899
1733
15446
4765
9102
188678
25848
10864
10773
234
17881
7252
4966
9739
16095
4553
4816
36819
3203
2649
10206
1765
6
6370
9059
6130
3940
6
6
6922
3998
9721
2649
4621
3181
84724
2282
9404
37976
12937
20383
4695
13274
16562
1
9911
6
6
6
6
127
6
6
9689
27485
1693
3726
2837
25557
1862
6
9799
16351
4135
6
22946
1975
39212
23134
2318
1836
554
12120
2150
14560
7404
3536
2755
17251
3621
875
1297
13497
3415
106065
1581
20274
32627
8950
6
539
1639
8967
4948
3653
22911
10326
20324
1501
17361
7888
47
9574
6772
26684
105989
3043
7783
7483
940
20846
13724
2928
30672
6060
118
43
225
8636
5164
6
2078
6
14966
1484
9056
21163
1060
1260
12814
8724
26042
11604
7310
120503
2104
25965
2178
3564
11184
2105
11559
3395
5228
6
6
27406
8335
36310
2635
6
2509
1444
221
7549
1882
1729
68
200
116
296
344
248
260
248
200
248
296
80
224
140
248
56
224
236
68
140
116
104
80
608
608
56
80
68
32
56
32
44
56
32
24936
4144
43504
14064
45376
10304
13376
13360
15728
24000
14832
41008
15072
17008
53680
53296
12816
382384
50240
165520
55008
28384
163888
156880
132464
42752
135808
27936
91360
27280
45136
42176
27712
65024
34896
67520
9776
33520
27584
22896
11072
8832
3472
2784
4384
2640
4464
6288
1360
2560
1760
2400
11440
10096
11904
20112
5328
2576
3616
3312
6992
12944
720
768
5792
5184
184304
8912
8912
8912
17744
17744
8912
17744
17744
35392
38560
35408
35408
6560
5136
7824
3168
8912
17744
17744
5552
3888
3600
395632
41088
9344
12960
51584
15264
13296
14832
9920
9440
7184
16128
21728
34400
24368
15856
15968
15776
5904
11728
5712
15808
23184
54480
20432
72688
161344
8064
8064
8064
8064
44832
45360
12048
14288
33712
30272
24640
7936
8816
6096
14752
37408
58880
7440
34656
40464
34512
29616
55360
50096
43280
27312
15056
30416
9120
9456
11840
12864
10176
11024
6128
9024
15424
8640
4880
17456
6976
8016
7120
11232
10160
15008
4112
5984
23792
16960
17312
15952
19456
14224
23168
5552
13504
23232
18416
14816
24592
18624
31744
9760
6528
22976
13200
17088
3344
23984
21184
13184
18224
11920
8864
7104
20496
13488
22880
38848
15408
29952
9904
14816
24592
35616
19120
27744
8720
42576
15792
9616
18688
16784
18832
21472
25856
12080
19024
42112
11632
11728
11072
43680
3248
5344
5424
19568
4496
2336
432
288
1376
10720
10544
6368
9040
5104
8016
608
6544
1664
1296
3008
896
6544
1296
3008
1296
3696
1664
1792
1632
14240
37184
54368
31744
21792
21936
38784
33360
17152
59456
57648
33136
35152
29616
4848
20608
2512
4336
15056
9648
41328
20704
38208
26560
121600
24480
20720
18496
20688
6400
32256
77600
61360
44384
64448
32256
4832
13648
16368
28912
39808
56512
7120
22688
21536
51136
19632
7552
5120
7792
1344
1216
960
3520
9456
15872
32432
9872
20960
12656
13424
10768
4384
4560
4480
4944
6048
6800
5168
11024
9520
3312
12016
7488
7440
8784
8208
5648
5072
5296
13488
23184
9520
8448
24864
5776
9200
8256
12352
7984
6208
10656
10656
6560
18592
12224
8512
12688
14768
23056
8064
12688
12688
815536
12688
12688
12688
12688
12688
12688
8816
4464
12688
12688
12688
12688
12688
12496
17136
8192
12688
7120
13952
9520
5264
6528
7344
38048
12256
53776
67680
33888
19680
8048
8608
39568
46000
70000
29792
42176
35552
19552
57136
4080
6912
11328
8384
12512
7456
13520
6720
6064
4656
5776
9584
4752
4336
4896
33184
37360
35312
48784
38976
55968
39904
27984
75808
54048
37520
56592
49584
19456
19456
16080
36832
45712
49808
44272
80272
37232
37088
29328
44992
39552
73216
42480
16992
41760
53616
11792
12032
39536
76720
48128
36832
19248
67792
29328
69856
21728
37216
59488
41600
43952
39744
21792
52992
54304
74416
15728
15728
54688
31568
31568
53344
39056
14864
98416
43920
14032
36992
10048
33648
34768
53248
13808
23504
59792
59184
89872
35408
17472
13712
19824
24496
15136
14224
16656
15888
18800
18032
40848
18512
18448
162448
32192
31440
53536
57824
40928
8688
13024
53616
92672
110704
21888
52192
23344
8736
8736
8736
8736
8736
8736
8736
8736
8736
8736
8736
8736
8736
8736
8736
8736
8736
8736
8736
8736
8736
8736
8736
8736
8736
8736
8736
8736
8736
8736
8736
8736
8736
8736
8736
8736
8736
8736
8736
8736
8736
8736
8736
8736
8736
8736
8736
8736
8736
8736
8736
8736
8736
8736
8736
8736
8736
8736
8736
8736
8736
8736
8736
8736
8736
8736
8736
8736
8736
8736
8736
8736
8736
8736
8736
8736
8736
8736
8736
8736
8736
8736
8736
8736
8736
8736
8736
8736
8736
8736
8736
8736
8736
8736
8736
8736
8736
8736
8736
8736
8736
8736
8736
8736
8736
8736
8736
8736
8736
8736
8736
8736
8736
8736
8736
8736
8736
8736
8736
8736
8736
8736
8736
8736
8736
8736
8736
8736
8736
8736
8736
8736
8736
8736
8736
8736
8736
8736
9248
8736
8736
8736
8736
8736
8736
8736
8736
8736
8736
8736
8736
8736
8736
8736
8736
8736
8736
8736
8736
8736
8736
8736
8736
8736
8736
8736
8736
8736
8736
8736
8736
8736
8736
8736
8736
8736
8736
8736
8736
8736
8736
8736
8736
8736
8736
8736
8736
8736
8736
8736
8736
8736
8736
8736
8736
8736
8736
8736
8736
8736
8736
8736
8736
8736
8736
8736
8736
8736
8736
8736
8736
8736
8736
8736
8736
8736
8736
8736
8736
8736
8736
8736
8736
8736
8736
8736
4192
1120
1120
1120
1120
1120
1120
1120
1120
1120
1120
1120
1120
1120
1120
1120
1120
1120
1120
1120
1120
1120
1120
1120
1120
1120
1120
1120
1120
1120
1120
1120
1120
1120
1120
1120
1120
1120
1120
1120
1120
1120
1120
1120
1120
1120
1120
1120
1120
1120
1120
1120
4192
4192
4192
4192
4192
4192
4192
4192
4192
4192
4192
4192
4192
4192
4192
4192
4192
4192
4192
4192
4192
4192
4192
4192
4192
4192
4192
4192
4192
4192
4192
4192
4192
4192
4192
4192
4192
4192
4192
4192
4192
4192
4192
4192
4192
4192
4192
4192
4192
4192
4192
4192
4192
4192
4192
4192
4192
224
224
2080
2080
2080
2080
2080
2080
2080
2080
2080
2080
2080
2080
2080
2080
2080
2080
2080
9248
9248
9248
9248
9248
608
5152
608
5152
608
608
5152
608
608
608
608
608
608
608
608
608
608
608
608
608
608
608
608
608
608
608
608
608
608
608
608
608
608
2144
2144
2144
2144
2144
2144
2144
608
608
608
2144
2144
2144
2144
2144
2144
2144
2144
2144
2144
2144
2144
2144
2144
2144
2144
2144
2144
2144
2144
2144
2144
2144
2144
2144
2144
16928
16928
4640
4640
16928
8736
8736
8736
8736
8736
8736
8736
4640
4640
4640
4640
4640
4640
1568
2080
1568
2080
1568
5152
1568
2080
1568
5152
1568
5152
1568
3104
3104
1568
5152
5152
5152
5152
1568
3104
3104
5152
17440
1568
3104
2080
3104
3104
1568
2080
1568
4640
1568
2080
1568
1568
1568
1568
1568
1568
1568
16928
16928
16928
16928
16928
16928
16928
16928
2592
8736
16928
16928
16928
16928
16928
16928
8736
8736
8736
4640
4640
4640
4640
4640
4640
4640
4640
4640
16928
16928
16928
16928
16928
16928
16928
16928
16928
4640
8736
16928
16928
4640
8736
4640
16928
4640
16928
16928
16928
4640
5152
8736
8736
8736
8736
8736
8736
8736
8736
8736
8736
4640
1568
8736
16928
4640
1568
8736
16928
8736
8736
8736
8736
16928
16928
4640
4640
16928
16928
4640
4640
608
16928
16928
4640
4640
16928
16928
4640
8736
16928
16928
4640
16928
16928
4640
4640
8736
1568
16928
4640
16928
8736
1568
8736
16928
8736
1568
8736
16928
4640
4640
16928
4640
4640
16928
4640
16928
16928
4640
8736
4640
16928
5152
5152
4640
16928
4640
4640
4640
4640
4640
17440
2592
608
8736
8736
8736
8736
8736
8736
8736
8736
8736
8736
8736
8736
8736
8736
8736
8736
4640
4640
2592
2592
8736
2144
2080
608
608
608
608
1568
608
352
192
16928
4640
2144
2144
8736
2144
4640
608
608
608
608
608
608
608
8736
8736
8736
8736
8736
8736
8736
8736
8736
8736
8736
8736
8736
8736
8736
8736
8736
8736
8736
8736
8736
8736
8736
8736
8736
8736
8736
8736
8736
8736
8736
8736
8736
8736
8736
8736
8736
8736
8736
8736
8736
8736
8736
8736
8736
8736
8736
8736
8736
8736
8736
8736
8736
8736
8736
8736
8736
0
