0
55296
2912256
3110912
3129344
3151872
3203072
3207168
3223552
3239936
3256320
3272704
3289088
3305472
3321856
3338240
3354624
3371008
3387392
3403776
3420160
3436544
3452928
3469312
3485696
3502080
3518464
3534848
3551232
3567616
3584000
3600384
3616768
3618816
3637248
3655680
3674112
3743744
4052992
4106240
4141056
4388864
4407296
4476928
4487168
4796416
4866048
5175296
5484544
5554176
5863424
5898240
6207488
6348800
6383616
6418432
6420480
6422528
6424576
6733824
6735872
6737920
6739968
6750208
7038976
7327744
7616512
7905280
8194048
8497152
8501248
9076736
9652224
10227712
10803200
11378688
11954176
12529664
13105152
13680640
14256128
14831616
15407104
15982592
16558080
17133568
17709056
18284544
18860032
19435520
20011008
20586496
21161984
21737472
22312960
22335488
22624256
22913024
22915072
22917120
23205888
23212032
23230464
23234560
23238656
23242752
23246848
23250944
23255040
23261184
23263232
23265280
23267328
23269376
23271424
23275520
23279616
23283712
23287808
23291904
23296000
23310336
23312384
23316480
23330816
23332864
23336960
23351296
23353344
23357440
23371776
23373824
23377920
23429120
23431168
23441408
23445504
23449600
23453696
23980032
24506368
25032704
25559040
26085376
26611712
27138048
27664384
28190720
28717056
29243392
29769728
30296064
30822400
31348736
31875072
32401408
32927744
33454080
33980416
34506752
35033088
35559424
36085760
36612096
37138432
37144576
37150720
37156864
37163008
37169152
37175296
37177344
37179392
37183488
37187584
37189632
37191680
37193728
37199872
37201920
37203968
37206016
37208064
37210112
37212160
37214208
37216256
37220352
37224448
37226496
37230592
37232640
37234688
37236736
37242880
37244928
37251072
37261312
37265408
37269504
37287936
37292032
37296128
37300224
37302272
37304320
37306368
37308416
37312512
37314560
37332992
37337088
37347328
37365760
37369856
37373952
37378048
37382144
37386240
37390336
37394432
37398528
37402624
37406720
37410816
37414912
37419008
37423104
37433344
37437440
37441536
37445632
37449728
37453824
37457920
37462016
37466112
37470208
37474304
37478400
37482496
37486592
37490688
37494784
37498880
37502976
37507072
37511168
37515264
37519360
37523456
37527552
37531648
37535744
37539840
37543936
37548032
37552128
37556224
37560320
37564416
37568512
37572608
37576704
37580800
37584896
37588992
37593088
37597184
37601280
37605376
37609472
37613568
37617664
37623808
37625856
37627904
37629952
37632000
37634048
37636096
37638144
37640192
37642240
37646336
37648384
37650432
37652480
37662720
37664768
37666816
37668864
37670912
37672960
37675008
37677056
37679104
37681152
37683200
37685248
37687296
37689344
37691392
37693440
37703680
37705728
37707776
37711872
37713920
37715968
37718016
37720064
37722112
37724160
37726208
37728256
37730304
37732352
37734400
37736448
37738496
37740544
37742592
37746688
37748736
37750784
37752832
37756928
37767168
37771264
37777408
37779456
37781504
37783552
37789696
37799936
37804032
37806080
37808128
37810176
37812224
37818368
37824512
37830656
37832704
37834752
37836800
37838848
37844992
37847040
37853184
37859328
37865472
37867520
37877760
40906752
41601024
41725952
41734144
41736192
41740288
41742336
44333056
44898304
44969984
44980224
44982272
45047808
47943680
48427008
48476160
48484352
48486400
51843072
52662272
52758528
52770816
52772864
55564288
56102912
56166400
56170496
56172544
59561984
60200960
60315648
60319744
60321792
62070784
62121984
62124032
62126080
62128128
65351680
66119680
66213888
66220032
66222080
69566464
70199296
70309888
70322176
70324224
71530496
71923712
71944192
73148416
73541632
74070016
74117120
74129408
74131456
74672128
74706944
74717184
74719232
75587584
75698176
75735040
75747328
75749376
78804992
79409152
79511552
79515648
79517696
79527936
79538176
79556608
79577088
79579136
79585280
79599616
79616000
79634432
79636480
79638528
79648768
79681536
79724544
79749120
79751168
79753216
79765504
79796224
79837184
79863808
79865856
79867904
79884288
79923200
79974400
79994880
79996928
79998976
80001024
80003072
80005120
80011264
80013312
80015360
80035840
80082944
80144384
80211968
80214016
80216064
80218112
80220160
80222208
80228352
80230400
80232448
80250880
80295936
80355328
80392192
80394240
80396288
80398336
80400384
80402432
80404480
80406528
80408576
80422912
80457728
80500736
80568320
80570368
80572416
80574464
80576512
80578560
80584704
80586752
80588800
80603136
80637952
80683008
80693248
80695296
80697344
80715776
80758784
80812032
80879616
80881664
80883712
80900096
80939008
80988160
81055744
81057792
81059840
81078272
81121280
81176576
81246208
81248256
81250304
81268736
81313792
81371136
81442816
81444864
81446912
81448960
81451008
81453056
81459200
81461248
81463296
81471488
81491968
81518592
81586176
81588224
81590272
81600512
81629184
81666048
81684480
81686528
81688576
81696768
81715200
81737728
81756160
81758208
81760256
81778688
81821696
81876992
81887232
81889280
81891328
81893376
81897472
81901568
81907712
81909760
81911808
81913856
81915904
81917952
81924096
81926144
81928192
81938432
81963008
81993728
82003968
82006016
82008064
82028544
82077696
82141184
82208768
82210816
82212864
82221056
82241536
82268160
82280448
82282496
82284544
82294784
82321408
82354176
82421760
82423808
82425856
82427904
82429952
82432000
82434048
82436096
82438144
82454528
82491392
82538496
82546688
82548736
82552832
82554880
82558976
82561024
82563072
82579456
82597888
82630656
82642944
82644992
82647040
82651136
82655232
82661376
82663424
82667520
82671616
82677760
82679808
82681856
82685952
82688000
82692096
82694144
82696192
82698240
82700288
82704384
82706432
82708480
82710528
82712576
82716672
82718720
82720768
82722816
82724864
82726912
82735104
82737152
82739200
82743296
82747392
82753536
82755584
82757632
82759680
82761728
82769920
82771968
82774016
82778112
82782208
82788352
82790400
82792448
82794496
82796544
82804736
82806784
82808832
82812928
82817024
82823168
82825216
82827264
82829312
82831360
82839552
82841600
82843648
82847744
82851840
82857984
82860032
82862080
82864128
82866176
82868224
82870272
82872320
82874368
82878464
82880512
82884608
82886656
82888704
82890752
82894848
82896896
82900992
82903040
82905088
82907136
82911232
82913280
82917376
82919424
82921472
82923520
82927616
82929664
82933760
82935808
82937856
82939904
82944000
82946048
82950144
82952192
82954240
82956288
82960384
82962432
82966528
82968576
82970624
82972672
82974720
82976768
82980864
82982912
82984960
82989056
82993152
82995200
82999296
83001344
83003392
83007488
83013632
83015680
83027968
83030016
83032064
83034112
83036160
83040256
83042304
83044352
83046400
83050496
83052544
83054592
83056640
83058688
83062784
83064832
83066880
83068928
83070976
83075072
83077120
83079168
83083264
83087360
83093504
83095552
83097600
83099648
83101696
83105792
83107840
83109888
83111936
83113984
83118080
83120128
83122176
83126272
83128320
83132416
83134464
83136512
83138560
83156992
83202048
83259392
83292160
83294208
83296256
83304448
83329024
83359744
83392512
83394560
83396608
83415040
83460096
83517440
83552256
83554304
83556352
83574784
83617792
83673088
83701760
83703808
83705856
83724288
83767296
83822592
83855360
83857408
83863552
83884032
83912704
83916800
83951616
83953664
83959808
83968000
83978240
83980288
84000768
84002816
84011008
84023296
84041728
84043776
84068352
84070400
84078592
84094976
84117504
84119552
84154368
84156416
84158464
84187136
84224000
84228096
84267008
84269056
84271104
84291584
84320256
84324352
84363264
84365312
84367360
84385792
84430848
84488192
84523008
84525056
84527104
84545536
84590592
84649984
84680704
84682752
84684800
84703232
84748288
84805632
84836352
84838400
84840448
84858880
84905984
84965376
84996096
84998144
85000192
85018624
85061632
85118976
85147648
85149696
85151744
85170176
85213184
85268480
85297152
85299200
85301248
85305344
85311488
85313536
85338112
85340160
85346304
85358592
85377024
85379072
85426176
85428224
85432320
85452800
85483520
85485568
85538816
85540864
85549056
85559296
85573632
85575680
85614592
85616640
85624832
85635072
85649408
85651456
85698560
85700608
85716992
85741568
85778432
85780480
85817344
85819392
85825536
85833728
85843968
85846016
85862400
85864448
85878784
85893120
85913600
85917696
85946368
85948416
85956608
85966848
85981184
85985280
86001664
86003712
86007808
86016000
86026240
86030336
86073344
86075392
86079488
86089728
86106112
86108160
86149120
86151168
86163456
86185984
86212608
86220800
86294528
86296576
86302720
86310912
86323200
86327296
86349824
86351872
86353920
86372352
86415360
86468608
86499328
86501376
86503424
86521856
86566912
86624256
86654976
86657024
86659072
86677504
86720512
86775808
86804480
86806528
86808576
86827008
86870016
86923264
86953984
86956032
86958080
86976512
87021568
87078912
87109632
87111680
87115776
87126016
87142400
87144448
87162880
87164928
87169024
87179264
87195648
87197696
87216128
87218176
87222272
87232512
87248896
87250944
87269376
87271424
87298048
87324672
87382016
87386112
87455744
87457792
87468032
87484416
87515136
87517184
87619584
87621632
87631872
87648256
87678976
87681024
87783424
87785472
87795712
87812096
87842816
87844864
87947264
87949312
87967744
87986176
88018944
88020992
88076288
88078336
88080384
88082432
88086528
88088576
88098816
88100864
88102912
88113152
88127488
88131584
88170496
88172544
88233984
88322048
88461312
88467456
88717312
88721408
88729600
88739840
88752128
88754176
88821760
88823808
88825856
88829952
88836096
88838144
88846336
88848384
88858624
88881152
88911872
88915968
88975360
88977408
88987648
89010176
89040896
89044992
89104384
89106432
89120768
89149440
89190400
89192448
89268224
89270272
89280512
89303040
89333760
89337856
89393152
89395200
89403392
89427968
89460736
89464832
89524224
89526272
89528320
89546752
89589760
89643008
89671680
89673728
89675776
89694208
89737216
89792512
89821184
89823232
89825280
89843712
89888768
89946112
89974784
89976832
89978880
89997312
90042368
90099712
90130432
90132480
90134528
90138624
90142720
90144768
90146816
90148864
90150912
90169344
90214400
90271744
90300416
90302464
90304512
90322944
90365952
90421248
90451968
90454016
90456064
90474496
90519552
90576896
90607616
90609664
90611712
90630144
90675200
90734592
90765312
90767360
90769408
90787840
90832896
90890240
90927104
90929152
90931200
90949632
90994688
91054080
91082752
91084800
91086848
91092992
91101184
91103232
91236352
91238400
91248640
91267072
91291648
91293696
91324416
91326464
91332608
91346944
91365376
91367424
91385856
91387904
91389952
91392000
91396096
91398144
91412480
91414528
91416576
91418624
91420672
91422720
91426816
91428864
91430912
91432960
91435008
91437056
91443200
91445248
91447296
91482112
91531264
91535360
91586560
91590656
91592704
91637760
91709440
91713536
91748352
91750400
91752448
91791360
91854848
91858944
91889664
91891712
91895808
91949056
92037120
92041216
92073984
92076032
92080128
92133376
92221440
92225536
92258304
92260352
92262400
92280832
92323840
92379136
92409856
92411904
92413952
92432384
92477440
92534784
92565504
92567552
92569600
92588032
92633088
92690432
92723200
92725248
92727296
92745728
92788736
92844032
92876800
92878848
92880896
92899328
92944384
93003776
93034496
93036544
93038592
93057024
93097984
93151232
93184000
93186048
93204480
93229056
93265920
93276160
93341696
93343744
93364224
93411328
93485056
93493248
93556736
93558784
93573120
93587456
93609984
93616128
93675520
93677568
93700096
93755392
93835264
93847552
93995008
93999104
94001152
94019584
94066688
94126080
94156800
94158848
94160896
94179328
94228480
94291968
94330880
94332928
94334976
94355456
94402560
94464000
94500864
94502912
94504960
94523392
94570496
94629888
94664704
94666752
94668800
94703616
94758912
94763008
94808064
94810112
94812160
94820352
94838784
94863360
94865408
94867456
94869504
94879744
94906368
94941184
94943232
94945280
94951424
94957568
94965760
94984192
94986240
94996480
95010816
95033344
95035392
95037440
95047680
95057920
95074304
95094784
95096832
95107072
95117312
95133696
95154176
95156224
95166464
95176704
95193088
95213568
95215616
95225856
95236096
95252480
95272960
95275008
95285248
95295488
95311872
95332352
95334400
95344640
95354880
95371264
95391744
95393792
95404032
95414272
95430656
95451136
95453184
95463424
95473664
95490048
95510528
95512576
95522816
95533056
95549440
95569920
95571968
95574016
95592448
95637504
95694848
95725568
95727616
95729664
95748096
95793152
95850496
95881216
95883264
95885312
95903744
95946752
96004096
96024576
96026624
96028672
96047104
96092160
96149504
96180224
96182272
96184320
96202752
96247808
96305152
96335872
96337920
96339968
96342016
96344064
96346112
96350208
96352256
96354304
96395264
96456704
96460800
96501760
96505856
96507904
96509952
96512000
96514048
96518144
96520192
96522240
96526336
96532480
96534528
96559104
96561152
96595968
96622592
96665600
96708608
96710656
96712704
96714752
96718848
96720896
96722944
96724992
96727040
96731136
96735232
96737280
96741376
96743424
96745472
96765952
96815104
96878592
96905216
96907264
96909312
96927744
96970752
97024000
97054720
97056768
97058816
97079296
97128448
97191936
97220608
97222656
97224704
97245184
97294336
97357824
97384448
97386496
97388544
97409024
97458176
97521664
97548288
97550336
97552384
97572864
97622016
97685504
97712128
97714176
97716224
97736704
97785856
97849344
97875968
97878016
97880064
97898496
97941504
97996800
98027520
98029568
98031616
98052096
98101248
98164736
98199552
98201600
98203648
98222080
98269184
98328576
98363392
98365440
98367488
98390016
98447360
98521088
98562048
98564096
98566144
98584576
98627584
98682880
98713600
98715648
98717696
98738176
98787328
98848768
98877440
98879488
98881536
98902016
98951168
99012608
99047424
99049472
99051520
99072000
99119104
99180544
99211264
99213312
99215360
99250176
99334144
99440640
99477504
99479552
99481600
99500032
99540992
99594240
99624960
99627008
99629056
99647488
99692544
99749888
99780608
99782656
99784704
99803136
99848192
99905536
99936256
99938304
99940352
99960832
100007936
100069376
100100096
100102144
100104192
100122624
100167680
100225024
100255744
100257792
100259840
100278272
100323328
100380672
100415488
100417536
100419584
100438016
100481024
100536320
100564992
100567040
100569088
100571136
100573184
100575232
100577280
100579328
100581376
100599808
100646912
100706304
100737024
100739072
100741120
100747264
100757504
100769792
100780032
100782080
100784128
100788224
100798464
100810752
100820992
100823040
100825088
100829184
100839424
100851712
100861952
100864000
100866048
100870144
100880384
100892672
100902912
100904960
100907008
100913152
100923392
100935680
100945920
100947968
100950016
100954112
100964352
100978688
100988928
100990976
100993024
100997120
101007360
101019648
101029888
101031936
101033984
101040128
101050368
101064704
101074944
101076992
101079040
101085184
101097472
101113856
101122048
101124096
101126144
101132288
101144576
101160960
101169152
101171200
101173248
101179392
101191680
101208064
101216256
101218304
101220352
101226496
101238784
101255168
101263360
101265408
101267456
101273600
101285888
101302272
101310464
101312512
101314560
101324800
101349376
101382144
101396480
101398528
101400576
101410816
101435392
101466112
101484544
101486592
101488640
101498880
101521408
101552128
101566464
101568512
101570560
101580800
101603328
101634048
101648384
101650432
101652480
101662720
101685248
101715968
101730304
101732352
101734400
101744640
101767168
101797888
101812224
101814272
101816320
101818368
101822464
101828608
101830656
101832704
101834752
101840896
101853184
101869568
101871616
101873664
101875712
101877760
101883904
101890048
101892096
101894144
101896192
101898240
101902336
101906432
101908480
101910528
101912576
101914624
101918720
101922816
101924864
101926912
101928960
101931008
101935104
101941248
101943296
101945344
101947392
101951488
101961728
101976064
101986304
101988352
101990400
101996544
102006784
102021120
102033408
102035456
102037504
102043648
102055936
102070272
102080512
102082560
102084608
102088704
102098944
102113280
102123520
102125568
102127616
102131712
102141952
102156288
102166528
102168576
102170624
102174720
102184960
102197248
102207488
102209536
102211584
102215680
102225920
102238208
102248448
102250496
102252544
102258688
102268928
102281216
102291456
102293504
102295552
102299648
102309888
102322176
102332416
102334464
102336512
102342656
102352896
102365184
102375424
102377472
102379520
102383616
102393856
102408192
102418432
102420480
102422528
102426624
102436864
102449152
102459392
102461440
102463488
102469632
102481920
102496256
102506496
102508544
102510592
102516736
102529024
102543360
102553600
102555648
102557696
102561792
102572032
102586368
102596608
102598656
102600704
102604800
102615040
102627328
102637568
102639616
102641664
102645760
102656000
102668288
102678528
102680576
102682624
102686720
102696960
102711296
102721536
102723584
102725632
102729728
102739968
102752256
102762496
102764544
102766592
102770688
102780928
102793216
102803456
102805504
102807552
102811648
102821888
102836224
102846464
102848512
102850560
102854656
102864896
102879232
102889472
102891520
102893568
102899712
102912000
102928384
102936576
102938624
102940672
102946816
102959104
102975488
102983680
102985728
102987776
102993920
103006208
103022592
103030784
103032832
103034880
103041024
103053312
103069696
103077888
103079936
103081984
103088128
103100416
103116800
103124992
103127040
103129088
103135232
103147520
103163904
103170048
103172096
103174144
103180288
103192576
103208960
103217152
103219200
103221248
103227392
103239680
103256064
103262208
103264256
103266304
103272448
103284736
103301120
103309312
103311360
103313408
103319552
103331840
103348224
103356416
103358464
103360512
103362560
103368704
103374848
103376896
103378944
103380992
103399424
103442432
103497728
103528448
103530496
103532544
103550976
103593984
103649280
103680000
103682048
103684096
103702528
103745536
103800832
103831552
103833600
103835648
103854080
103897088
103952384
103981056
103983104
103985152
103991296
104001536
104013824
104024064
104026112
104028160
104030208
104034304
104040448
104044544
104046592
104048640
104050688
104054784
104058880
104062976
104065024
104067072
104069120
104073216
104077312
104081408
104083456
104085504
104087552
104091648
104095744
104105984
104108032
104110080
104116224
104128512
104144896
104148992
104151040
104153088
104155136
104163328
104171520
104181760
104183808
104185856
104194048
104216576
104245248
104259584
104261632
104263680
104271872
104294400
104323072
104337408
104339456
104341504
104349696
104372224
104400896
104415232
104417280
104419328
104427520
104450048
104478720
104493056
104495104
104497152
104507392
104531968
104562688
104577024
104579072
104581120
104589312
104611840
104640512
104654848
104656896
104658944
104667136
104689664
104718336
104732672
104734720
104736768
104747008
104771584
104802304
104816640
104818688
104820736
104828928
104851456
104880128
104894464
104896512
104898560
104908800
104931328
104960000
104974336
104976384
104978432
104988672
105011200
105039872
105054208
105056256
105058304
105068544
105091072
105119744
105134080
105136128
105138176
105148416
105170944
105199616
105213952
105216000
105218048
105226240
105248768
105277440
105291776
105293824
105295872
105306112
105328640
105357312
105371648
105373696
105375744
105385984
105408512
105437184
105451520
105453568
105455616
105465856
105490432
105521152
105537536
105539584
105541632
105551872
105576448
105607168
105623552
105625600
105627648
105637888
105660416
105689088
105703424
105705472
105707520
105715712
105738240
105766912
105781248
105783296
105785344
105793536
105816064
105844736
105859072
105861120
105863168
105871360
105893888
105922560
105936896
105938944
105940992
105951232
105973760
106002432
106016768
106018816
106020864
106037248
106076160
106125312
106151936
106153984
106156032
106164224
106186752
106215424
106229760
106231808
106233856
106242048
106264576
106293248
106307584
106309632
106311680
106321920
106344448
106373120
106387456
106389504
106391552
106399744
106422272
106450944
106465280
106467328
106469376
106477568
106500096
106528768
106543104
106545152
106547200
106555392
106577920
106606592
106620928
106622976
106627072
106629120
106633216
106635264
106637312
106639360
106641408
106643456
106645504
106647552
106649600
106651648
106653696
106659840
106676224
106696704
106702848
106704896
106708992
106719232
106747904
106784768
106790912
106792960
106795008
106801152
106817536
106838016
106846208
106848256
106850304
106856448
106868736
106885120
106893312
106895360
106897408
106905600
106924032
106948608
106956800
106958848
106960896
106967040
106981376
106999808
107008000
107010048
107012096
107018240
107032576
107051008
107059200
107061248
107063296
107071488
107087872
107108352
107116544
107118592
107120640
107128832
107143168
107161600
107169792
107171840
107173888
107177984
107186176
107196416
107202560
107204608
107206656
107214848
107233280
107257856
107264000
107266048
107268096
107274240
107286528
107302912
107309056
107311104
107313152
107319296
107333632
107352064
107356160
107358208
107360256
107378688
107419648
107472896
107491328
107493376
107495424
107509760
107540480
107579392
107597824
107599872
107601920
107618304
107653120
107698176
107716608
107718656
107720704
107726848
107743232
107761664
107780096
107782144
107784192
107790336
107802624
107819008
107829248
107831296
107833344
107837440
107847680
107859968
107866112
107868160
107870208
107888640
107923456
107968512
107986944
107988992
107991040
107999232
108015616
108038144
108044288
108046336
108048384
108054528
108068864
108085248
108091392
108093440
108095488
108099584
108109824
108122112
108128256
108130304
108132352
108150784
108185600
108230656
108249088
108251136
108253184
108271616
108306432
108351488
108369920
108371968
108374016
108390400
108421120
108460032
108480512
108482560
108484608
108507136
108554240
108615680
108634112
108636160
108638208
108642304
108652544
108664832
108675072
108677120
108679168
108689408
108716032
108750848
108773376
108775424
108777472
108797952
108843008
108902400
108933120
108935168
108937216
108955648
108998656
109053952
109084672
109086720
109088768
109109248
109158400
109221888
109254656
109256704
109258752
109279232
109326336
109385728
109416448
109418496
109420544
109445120
109498368
109565952
109592576
109594624
109596672
109613056
109645824
109686784
109701120
109703168
109705216
109723648
109762560
109811712
109834240
109836288
109838336
109850624
109883392
109926400
109936640
109938688
109940736
109948928
109973504
110004224
110014464
110016512
110018560
110036992
110080000
110135296
110166016
110168064
110194688
110270464
110546944
110905344
110970880
110974976
110977024
110993408
111032320
111081472
111101952
111104000
111106048
111122432
111161344
111210496
111239168
111241216
111243264
111253504
111276032
111304704
111323136
111325184
111327232
111341568
111380480
111429632
111458304
111460352
111462400
111478784
111517696
111566848
111595520
111597568
111599616
111611904
111638528
111671296
111683584
111685632
111687680
111693824
111708160
111726592
111732736
111734784
111736832
111738880
111740928
111742976
111745024
111747072
111749120
111751168
111755264
111759360
111761408
111763456
111765504
111767552
111771648
111775744
111777792
111779840
111781888
111788032
111800320
111814656
111818752
111820800
111822848
111826944
111837184
111849472
111851520
111853568
111855616
111861760
111878144
111898624
111902720
111904768
111906816
111912960
111927296
111943680
111945728
111947776
111951872
111962112
111990784
112027648
112033792
112035840
112037888
112039936
112041984
112046080
112048128
112050176
112052224
112054272
112056320
112060416
112062464
112064512
112066560
112070656
112076800
112084992
112087040
112089088
112091136
112093184
112097280
112101376
112103424
112105472
112107520
112109568
112111616
112115712
112117760
112119808
112121856
112130048
112148480
112171008
112205824
112207872
112209920
112214016
112224256
112236544
112244736
112246784
112248832
112252928
112263168
112277504
112279552
112281600
112283648
112289792
112304128
112322560
112330752
112332800
112334848
112340992
112357376
112377856
112381952
112384000
112386048
112390144
112400384
112414720
112418816
112420864
112422912
112427008
112437248
112449536
112453632
112455680
112457728
112461824
112474112
112490496
112496640
112498688
112500736
112506880
112521216
112539648
112547840
112549888
112551936
112558080
112574464
112592896
112601088
112603136
112605184
112611328
112625664
112644096
112652288
112654336
112656384
112662528
112676864
112695296
112699392
112701440
112703488
112709632
112723968
112742400
112746496
112748544
112750592
112756736
112773120
112793600
112801792
112803840
112805888
112809984
112818176
112828416
112834560
112836608
112838656
112844800
112857088
112873472
112891904
112893952
112896000
112902144
112918528
112939008
112947200
112949248
112951296
112957440
112971776
112988160
112996352
112998400
113000448
113006592
113022976
113043456
113049600
113051648
113053696
113059840
113072128
113088512
113094656
113096704
113098752
113102848
113113088
113127424
113133568
113135616
113137664
113143808
113156096
113170432
113176576
113178624
113180672
113186816
113201152
113217536
113223680
113225728
113227776
113231872
113240064
113252352
113258496
113260544
113262592
113268736
113283072
113301504
113307648
113309696
113311744
113317888
113330176
113344512
113352704
113354752
113356800
113360896
113371136
113383424
113389568
113391616
113393664
113397760
113408000
113420288
113426432
113428480
113430528
113434624
113440768
113448960
113453056
113455104
113457152
113461248
113471488
113483776
113489920
113491968
113494016
113498112
113508352
113522688
113528832
113530880
113532928
113537024
113545216
113555456
113559552
113561600
113563648
113569792
113582080
113596416
113602560
113604608
113606656
113610752
113620992
113633280
113639424
113641472
113643520
113647616
113657856
113670144
113676288
113678336
113680384
113684480
113692672
113700864
113707008
113709056
113711104
113717248
113729536
113743872
113750016
113752064
113754112
113758208
113766400
113776640
113780736
113782784
113784832
113788928
113799168
113811456
113815552
113817600
113819648
113827840
113850368
113879040
113885184
113887232
113889280
113895424
113911808
113932288
113940480
113942528
113944576
113950720
113973248
114001920
114010112
114012160
114014208
114022400
114038784
114059264
114065408
114067456
114069504
114073600
114081792
114092032
114096128
114098176
114100224
114104320
114114560
114126848
114132992
114135040
114137088
114141184
114151424
114163712
114169856
114171904
114173952
114182144
114200576
114223104
114229248
114231296
114233344
114241536
114257920
114278400
114284544
114286592
114288640
114292736
114302976
114317312
114323456
114325504
114327552
114331648
114339840
114350080
114356224
114358272
114360320
114368512
114386944
114409472
114415616
114417664
114419712
114423808
114434048
114446336
114452480
114454528
114456576
114475008
114515968
114569216
114583552
114585600
114587648
114606080
114644992
114694144
114716672
114718720
114720768
114737152
114774016
114821120
114843648
114845696
114847744
114868224
114913280
114972672
114997248
114999296
115001344
115021824
115068928
115130368
115154944
115156992
115159040
115163136
115173376
115185664
115220480
115222528
115224576
115243008
115286016
115339264
115353600
115355648
115357696
115369984
115398656
115433472
115456000
115458048
115460096
115476480
115513344
115560448
115578880
115580928
115582976
115591168
115607552
115628032
115634176
115636224
115638272
115652608
115685376
115728384
115750912
115752960
115755008
115773440
115810304
115857408
115875840
115877888
115879936
115892224
115922944
115961856
115972096
115974144
115976192
115990528
116023296
116066304
116088832
116090880
116092928
116111360
116146176
116191232
116213760
116215808
116217856
116234240
116269056
116314112
116332544
116334592
116336640
116353024
116391936
116441088
116451328
116453376
116455424
116477952
116520960
116576256
116602880
116604928
116606976
116623360
116662272
116711424
116733952
116736000
116738048
116740096
116746240
116754432
116756480
116758528
116760576
116764672
116772864
116783104
116785152
116787200
116789248
116791296
116797440
116805632
116807680
116809728
116811776
116813824
116817920
116824064
116826112
116828160
116830208
116832256
116838400
116846592
116848640
116850688
116852736
116854784
116858880
116865024
116867072
116869120
116871168
116873216
116877312
116883456
116887552
116889600
116891648
116893696
116897792
116903936
116905984
116908032
116910080
116912128
116916224
116922368
116924416
116926464
116928512
116930560
116934656
116938752
116940800
116942848
116944896
116946944
116951040
116955136
116957184
116959232
116961280
116963328
116965376
116967424
116969472
116971520
116973568
116975616
116977664
116979712
116981760
116983808
116985856
116987904
116992000
116996096
116998144
117000192
117002240
117020672
117057536
117104640
117127168
117129216
117131264
117137408
117149696
117166080
117184512
117186560
117188608
117207040
117243904
117291008
117309440
117311488
117313536
117323776
117348352
117381120
117399552
117401600
117403648
117422080
117454848
117497856
117508096
117510144
117512192
117518336
117532672
117551104
117557248
117559296
117561344
117579776
117616640
117663744
117686272
117688320
117690368
117696512
117710848
117727232
117745664
117747712
117749760
117768192
117807104
117856256
117878784
117880832
117882880
117901312
117938176
117985280
118003712
118005760
118007808
118018048
118042624
118075392
118093824
118095872
118097920
118108160
118132736
118163456
118181888
118183936
118185984
118206464
118245376
118296576
118315008
118317056
118319104
118327296
118347776
118372352
118390784
118392832
118394880
118415360
118458368
118511616
118540288
118542336
118544384
118564864
118614016
118677504
118710272
118712320
118714368
118736896
118786048
118849536
118878208
118880256
118882304
118908928
118968320
119044096
119068672
119070720
119072768
119093248
119138304
119195648
119224320
119226368
119228416
119246848
119287808
119341056
119371776
119373824
119375872
119396352
119443456
119502848
119537664
119539712
119541760
119564288
119615488
119681024
119711744
119713792
119715840
119734272
119773184
119822336
119844864
119846912
119848960
119861248
119889920
119926784
119945216
119947264
119949312
119969792
120012800
120068096
120107008
120109056
120111104
120137728
120197120
120274944
120309760
120311808
120313856
120340480
120399872
120475648
120504320
120506368
120508416
120520704
120549376
120586240
120596480
120598528
120600576
120629248
120702976
120799232
120829952
120832000
120834048
120858624
120911872
120979456
121001984
121004032
121006080
121024512
121065472
121116672
121139200
121141248
121143296
121161728
121202688
121255936
121282560
121284608
121286656
121307136
121348096
121401344
121413632
121415680
121417728
121427968
121462784
121507840
121534464
121536512
121538560
121559040
121602048
121657344
121686016
121688064
121690112
121708544
121755648
121815040
121845760
121847808
121849856
121872384
121929728
122003456
122030080
122032128
122034176
122052608
122091520
122140672
122167296
122169344
122171392
122181632
122206208
122238976
122245120
122247168
122249216
122259456
122284032
122314752
122318848
122320896
122322944
122331136
122347520
122370048
122376192
122378240
122380288
122386432
122402816
122421248
122425344
122427392
122429440
122437632
122458112
122484736
122488832
122490880
122492928
122505216
122531840
122566656
122572800
122574848
122599424
122669056
122937344
123283456
123348992
123351040
123353088
123357184
123367424
123379712
123381760
123383808
123385856
123389952
123400192
123412480
123416576
123418624
123420672
123424768
123432960
123441152
123443200
123445248
123447296
123451392
123459584
123467776
123469824
123471872
123473920
123475968
123480064
123486208
123488256
123490304
123492352
123496448
123504640
123514880
123516928
123518976
123521024
123525120
123531264
123539456
123541504
123543552
123545600
123547648
123553792
123561984
123564032
123566080
123568128
123572224
123582464
123594752
123596800
123598848
123600896
123604992
123613184
123623424
123625472
123627520
123629568
123633664
123641856
123652096
123654144
123656192
123658240
123664384
123680768
123701248
123703296
123705344
123707392
123713536
123725824
123742208
123746304
123748352
123750400
123752448
123758592
123764736
123766784
123768832
123770880
123774976
123783168
123793408
123795456
123797504
123799552
123805696
123822080
123842560
123844608
123846656
123848704
123852800
123860992
123871232
123873280
123875328
123877376
123881472
123889664
123899904
123901952
123904000
123906048
123910144
123920384
123932672
123934720
123936768
123938816
123942912
123949056
123957248
123959296
123961344
123973632
124051456
124264448
124542976
124618752
124620800
124622848
124702720
124930048
125224960
125310976
125313024
125329408
125407232
125632512
125923328
125972480
125974528
125976576
125978624
125984768
125990912
125992960
125995008
125997056
126001152
126013440
126027776
126031872
126033920
126035968
126040064
126048256
126058496
126064640
126066688
126068736
126087168
126124032
126171136
126179328
126181376
126183424
126193664
126218240
126248960
126259200
126261248
126263296
126267392
126277632
126289920
126296064
126298112
126300160
126302208
126312448
126324736
126328832
126330880
126332928
126343168
126367744
126398464
126406656
126408704
126410752
126412800
126416896
126423040
126427136
126429184
126431232
126435328
126443520
126453760
126455808
126457856
126459904
126461952
126468096
126476288
126480384
126482432
126484480
126490624
126504960
126521344
126525440
126527488
126529536
126533632
126541824
126552064
126560256
126562304
126564352
126566400
126568448
126570496
126582784
126584832
126586880
126588928
126593024
126599168
126601216
126603264
126605312
126607360
126611456
126617600
126619648
126623744
126629888
126638080
126640128
126644224
126646272
126648320
126666752
126713856
126773248
126803968
126806016
126808064
126826496
126871552
126928896
126967808
126969856
126984192
127066112
127293440
127588352
127657984
127660032
127662080
127750144
127991808
128305152
128436224
128438272
128454656
128477184
128512000
128514048
128552960
128555008
128577536
128624640
128698368
128700416
128798720
128800768
128802816
128837632
128890880
128894976
128987136
128989184
128993280
129028096
129075200
129079296
129150976
129155072
129159168
129193984
129241088
129245184
129323008
129327104
129345536
129378304
129427456
129429504
129531904
129533952
129538048
129579008
129642496
129646592
129681408
129685504
129687552
129718272
129761280
129765376
129802240
129804288
129808384
129837056
129878016
129882112
129916928
129918976
129923072
129992704
130097152
130099200
130131968
130136064
130138112
130185216
130258944
130263040
130293760
130297856
130299904
130342912
130410496
130414592
130455552
130457600
130465792
130492416
130533376
130535424
130578432
130580480
130582528
130627584
130697216
130701312
130742272
130746368
130772992
130832384
130924544
130926592
130996224
131000320
131002368
131041280
131100672
131104768
131160064
131162112
131178496
131213312
131260416
131264512
131321856
131325952
131328000
131366912
131430400
131434496
131489792
131491840
131534848
131577856
131657728
131743744
131745792
131747840
131780608
131829760
131833856
131868672
131870720
131876864
131921920
131987456
131991552
132028416
132032512
132046848
132069376
132098048
132100096
132165632
132167680
132169728
132198400
132237312
132239360
132302848
132304896
132306944
132345856
132405248
132409344
132452352
132454400
132456448
132493312
132552704
132556800
132595712
132597760
132622336
132655104
132704256
132730880
132732928
132734976
132782080
132855808
132859904
132894720
132896768
132911104
132935680
132972544
132974592
133009408
133011456
133013504
133050368
133107712
133111808
133142528
133144576
133148672
133208064
133294080
133298176
133369856
133373952
133376000
133421056
133486592
133490688
133539840
133543936
133545984
133586944
133654528
133658624
133689344
133691392
133707776
133728256
133758976
133761024
133781504
133783552
133785600
133840896
133931008
133933056
133965824
133967872
133984256
134008832
134045696
134047744
134082560
134084608
134086656
134133760
134199296
134203392
134258688
134260736
134270976
134291456
134318080
134320128
134350848
134352896
134354944
134385664
134428672
134432768
134473728
134475776
136302592
137095168
138708992
141211648
143888384
144125952
144187392
146565120
147150848
149131264
151533568
151666688
153544704
154501120
156104704
158932992
161355776
162048000
163784704
166383616
167583744
168108032
169515008
172666880
175314944
176076800
177885184
180287488
180486144
181006336
181952512
182796288
183130112
183160832
183220224
184379392
186591232
187326464
189132800
191719424
194054144
194818048
196628480
199229440
200216576
201175040
201461760
202352640
204791808
205119488
205135872
206026752
207024128
207310848
208201728
210698240
210956288
211025920
211916800
212867072
221243392
221859840
223215616
223502336
225148928
226873344
226879488
228845568
229580800
232218624
234934272
234969088
234971136
234975232
235120640
235128832
235130880
235139072
235163648
235165696
235171840
235173888
235202560
235204608
235206656
235208704
235214848
235225088
235227136
235229184
235233280
235253760
235261952
235264000
235276288
235298816
235370496
235413504
235438080
235454464
235456512
235466752
235470848
235474944
235481088
235483136
235487232
235526144
235540480
235546624
235548672
235556864
235595776
235610112
235646976
235685888
235718656
235720704
235722752
235724800
235737088
235739136
235755520
235761664
235771904
235962368
235988992
236001280
236013568
236015616
236034048
236042240
236048384
236058624
236075008
236081152
236087296
236124160
236128256
236132352
236142592
236144640
236146688
236154880
236165120
236171264
236175360
236177408
236179456
236187648
236191744
236201984
236206080
236212224
236216320
236302336
236306432
236316672
236355584
236369920
236390400
236396544
236410880
236429312
236431360
236441600
236443648
236445696
236447744
236449792
236451840
236453888
236455936
236466176
236494848
236496896
236500992
236505088
236531712
236533760
236535808
236546048
236562432
236568576
236570624
236595200
236597248
236638208
236662784
236666880
236668928
236670976
236683264
236687360
236703744
236711936
236716032
236720128
236738560
236742656
236744704
236746752
236761088
236765184
236871680
236873728
236894208
236926976
236937216
236939264
236941312
236943360
236953600
236959744
236963840
236988416
237000704
237021184
237023232
237041664
237049856
237051904
237062144
237070336
237099008
237205504
237209600
237217792
237225984
237228032
237250560
237264896
237268992
237299712
237305856
237307904
237309952
237312000
237322240
237328384
237330432
237334528
237336576
237352960
237355008
237365248
237387776
237389824
237391872
237406208
237416448
237443072
237455360
237463552
237584384
237588480
237615104
237619200
237623296
237635584
237639680
237651968
237656064
237662208
237664256
237666304
237694976
237705216
237742080
237746176
237748224
237752320
237754368
237756416
237764608
237766656
237768704
237770752
237772800
237774848
237776896
237778944
237780992
237783040
237785088
237787136
237789184
237791232
237793280
237795328
237797376
237799424
237801472
237803520
237805568
237807616
237809664
237811712
237813760
237815808
237817856
237819904
237821952
237824000
237826048
237828096
237830144
237832192
237834240
237836288
237838336
237864960
237871104
237916160
237930496
237977600
237989888
238004224
238018560
238034944
238059520
238075904
238118912
238135296
238153728
238209024
238264320
238278656
238661632
238712832
238878720
238934016
238962688
239128576
239286272
239419392
239462400
239599616
239628288
239720448
239749120
239796224
239839232
239867904
239933440
239970304
240037888
240048128
240082944
240111616
240136192
240148480
240158720
240162816
240166912
240173056
240177152
240183296
240191488
240193536
240197632
240199680
240203776
240216064
240226304
240238592
240259072
240265216
240269312
240273408
240277504
240285696
240300032
240302080
240304128
240310272
240316416
240500736
240510976
240521216
240531456
240549888
240568320
240578560
240596992
240615424
240652288
240691200
240728064
240764928
240773120
240779264
240787456
240791552
240801792
240820224
240838656
240844800
240848896
240852992
241250304
241293312
241303552
241317888
241371136
241387520
241401856
241418240
241428480
241438720
241446912
241463296
241485824
241520640
241545216
241561600
241577984
241594368
241600512
241612800
241618944
241635328
241659904
241715200
241735680
241809408
241971200
241979392
241987584
241995776
242003968
242049024
242096128
242108416
242122752
242157568
242188288
242214912
242223104
242233344
242239488
242255872
242294784
242354176
242362368
242397184
242438144
242472960
242503680
242561024
242612224
242657280
242685952
242702336
242733056
242743296
242753536
242765824
242780160
242790400
242802688
242808832
242819072
242835456
242845696
242851840
242870272
242878464
242886656
242894848
242907136
242917376
242933760
242939904
242946048
242970624
242989056
243007488
243023872
243044352
243058688
243083264
243089408
243103744
243128320
243146752
243163136
243189760
243210240
243243008
243253248
243261440
243286016
243300352
243318784
243322880
243347456
243369984
243384320
243402752
243415040
243425280
243433472
243456000
243470336
243494912
243533824
243550208
243580928
243591168
243607552
243634176
243671040
243691520
243720192
243730432
243773440
243789824
243800064
243820544
243838976
243859456
243881984
243908608
243920896
243941376
243984384
243996672
244008960
244021248
244066304
244070400
244076544
244082688
244103168
244109312
244113408
244115456
244117504
244119552
244131840
244144128
244152320
244162560
244168704
244176896
244178944
244187136
244189184
244191232
244195328
244197376
244205568
244207616
244211712
244213760
244217856
244219904
244221952
244224000
244238336
244277248
244332544
244365312
244387840
244410368
244449280
244484096
244502528
244563968
244623360
244658176
244695040
244725760
244731904
244754432
244758528
244764672
244781056
244791296
244834304
244856832
244895744
244922368
245045248
245069824
245092352
245112832
245135360
245143552
245176320
245254144
245315584
245360640
245426176
245458944
245465088
245479424
245495808
245526528
245567488
245624832
245633024
245657600
245680128
245731328
245751808
245760000
245766144
245774336
245776384
245778432
245780480
245784576
245794816
245811200
245843968
245854208
245876736
245891072
245905408
245917696
245923840
245929984
245936128
245942272
245948416
245956608
245962752
245975040
245985280
245989376
246001664
246009856
246018048
246028288
246038528
246044672
246050816
246056960
246071296
246095872
246106112
246116352
246142976
246149120
246159360
246169600
246183936
246192128
246200320
246212608
246224896
246233088
246253568
246265856
246276096
246290432
246306816
246331392
246339584
246353920
246368256
247185408
247199744
247214080
247228416
247242752
247257088
247271424
247281664
247287808
247302144
247316480
247330816
247345152
247359488
247373824
247392256
247400448
247414784
247422976
247437312
247447552
247453696
247461888
247470080
247508992
247521280
247576576
247646208
247681024
247701504
247709696
247719936
247760896
247808000
247879680
247910400
247953408
247990272
248010752
248068096
248072192
248080384
248092672
248102912
248117248
248125440
248139776
248147968
248154112
248160256
248166400
248176640
248182784
248188928
248195072
248229888
248268800
248305664
248354816
248395776
248453120
248494080
248522752
248600576
248655872
248694784
248752128
248803328
248823808
248844288
248860672
248897536
248944640
248995840
249040896
249122816
249161728
249200640
249231360
249276416
249317376
249391104
249434112
249452544
249495552
249550848
249563136
249575424
249616384
249694208
249743360
249780224
249800704
249870336
249901056
249972736
249995264
250034176
250095616
250138624
250183680
250224640
250247168
250300416
250355712
250431488
250447872
250464256
250519552
250552320
250585088
250640384
250681344
250697728
250798080
250843136
250857472
250896384
250906624
250941440
250976256
251029504
251043840
251068416
251129856
251189248
251279360
251316224
251334656
251348992
251369472
251394048
251410432
251424768
251443200
251459584
251480064
251498496
251539456
251559936
251580416
251744256
251777024
251809792
251865088
251924480
251965440
251975680
251990016
252045312
252139520
252252160
252274688
252327936
252352512
252362752
252372992
252383232
252393472
252403712
252413952
252424192
252434432
252444672
252454912
252465152
252475392
252485632
252495872
252506112
252516352
252526592
252536832
252547072
252557312
252567552
252577792
252588032
252598272
252608512
252618752
252628992
252639232
252649472
252659712
252669952
252680192
252690432
252700672
252710912
252721152
252731392
252741632
252751872
252762112
252772352
252782592
252792832
252803072
252813312
252823552
252833792
252844032
252854272
252864512
252874752
252884992
252895232
252905472
252915712
252925952
252936192
252946432
252956672
252966912
252977152
252987392
252997632
253007872
253018112
253028352
253038592
253048832
253059072
253069312
253079552
253089792
253100032
253110272
253120512
253130752
253140992
253151232
253161472
253171712
253181952
253192192
253202432
253212672
253222912
253233152
253243392
253253632
253263872
253274112
253284352
253294592
253304832
253315072
253325312
253335552
253345792
253356032
253366272
253376512
253386752
253396992
253407232
253417472
253427712
253437952
253448192
253458432
253468672
253478912
253489152
253499392
253509632
253519872
253530112
253540352
253550592
253560832
253571072
253581312
253591552
253601792
253612032
253622272
253632512
253642752
253652992
253663232
253673472
253683712
253693952
253704192
253714432
253724672
253734912
253745152
253755392
253765632
253775872
253786112
253796352
253806592
253816832
253827072
253837312
253847552
253857792
253868032
253878272
253888512
253898752
253908992
253919232
253929472
253939712
253949952
253960192
253970432
253980672
253990912
254001152
254011392
254021632
254031872
254042112
254052352
254062592
254072832
254083072
254093312
254103552
254113792
254124032
254134272
254144512
254154752
254164992
254175232
254185472
254195712
254205952
254216192
254226432
254236672
254246912
254257152
254267392
254277632
254287872
254298112
254308352
254318592
254328832
254339072
254349312
254359552
254369792
254380032
254390272
254400512
254410752
254420992
254431232
254441472
254451712
254461952
254472192
254482432
254492672
254502912
254513152
254523392
254533632
254543872
254554112
254564352
254574592
254584832
254595072
254605312
254615552
254625792
254636032
254646272
254656512
254666752
254672896
254674944
254676992
254679040
254681088
254683136
254685184
254687232
254689280
254691328
254693376
254695424
254697472
254699520
254701568
254703616
254705664
254707712
254709760
254711808
254713856
254715904
254717952
254720000
254722048
254724096
254726144
254728192
254730240
254732288
254734336
254736384
254738432
254740480
254742528
254744576
254746624
254748672
254750720
254752768
254754816
254756864
254758912
254760960
254763008
254765056
254767104
254769152
254771200
254773248
254775296
254777344
254783488
254789632
254795776
254801920
254808064
254814208
254820352
254826496
254832640
254838784
254844928
254851072
254857216
254863360
254869504
254875648
254881792
254887936
254894080
254900224
254906368
254912512
254918656
254924800
254930944
254937088
254943232
254949376
254955520
254961664
254967808
254973952
254980096
254986240
254992384
254998528
255004672
255010816
255016960
255023104
255029248
255035392
255041536
255047680
255053824
255059968
255066112
255072256
255078400
255084544
255090688
255096832
255102976
255109120
255115264
255121408
255127552
255129600
255131648
255135744
255139840
255143936
255148032
255152128
255156224
255160320
255164416
255168512
255172608
255176704
255180800
255184896
255188992
255193088
255197184
255201280
255211520
255221760
255232000
255242240
255252480
255254528
255260672
255262720
255268864
255270912
255272960
255279104
255281152
255283200
255285248
255287296
255289344
255291392
255293440
255295488
255297536
255299584
255301632
255303680
255305728
255307776
255309824
255311872
255313920
255315968
255318016
255320064
255322112
255324160
255326208
255328256
255330304
255332352
255336448
255340544
255344640
255348736
255352832
255356928
255361024
255363072
255365120
255367168
255371264
255375360
255379456
255383552
255387648
255391744
255395840
255399936
255404032
255408128
255412224
255416320
255420416
255424512
255428608
255432704
255436800
255440896
255444992
255449088
255453184
255457280
255461376
255465472
255469568
255473664
255492096
255510528
255516672
255522816
255541248
255551488
255561728
255571968
255582208
255592448
255602688
255612928
255619072
255625216
255631360
255637504
255643648
255649792
255651840
255655936
255657984
255662080
255664128
255670272
255672320
255676416
255678464
255684608
255686656
255692800
255694848
255698944
255703040
255705088
255711232
255717376
255723520
255729664
255731712
255735808
255739904
255746048
255764480
255766528
255770624
255774720
255778816
255782912
255784960
255789056
255791104
255797248
255799296
255803392
255805440
255807488
255809536
255811584
255813632
255815680
255817728
255836160
255854592
255873024
255891456
255909888
255928320
255946752
255965184
255969280
255979520
255997952
256016384
256034816
256053248
256071680
256090112
256100352
256110592
256120832
256126976
256133120
256139264
256145408
256151552
256157696
256163840
256169984
256176128
256194560
256212992
256231424
256249856
256268288
256286720
256305152
256323584
256342016
256348160
256358400
256376832
256395264
256401408
256411648
256417792
256436224
256442368
256460800
256479232
256497664
256503808
256509952
256520192
256530432
256540672
256550912
256561152
256571392
256581632
256591872
256602112
256612352
256618496
256620544
256630784
256649216
256655360
256657408
256667648
256686080
256696320
256706560
256716800
256727040
256745472
256763904
256770048
256776192
256794624
256813056
256819200
256825344
256827392
256845824
256864256
256870400
256876544
256894976
256913408
256919552
256929792
256948224
256966656
256972800
256991232
257009664
257015808
257021952
257032192
257034240
257052672
257058816
257077248
257087488
257089536
257099776
257118208
257128448
257130496
257140736
257159168
257165312
257171456
257189888
257196032
257202176
257220608
257226752
257245184
257263616
257269760
257280000
257286144
257304576
257310720
257316864
257323008
257341440
257347584
257353728
257359872
257366016
257372160
257390592
257394688
257396736
257406976
257417216
257427456
257437696
257447936
257458176
257468416
257478656
257488896
257499136
257509376
257519616
257529856
257540096
257550336
257560576
257566720
257572864
257576960
257581056
257591296
257595392
257599488
257601536
257603584
257605632
257607680
257609728
257611776
257613824
257615872
257634304
257640448
257644544
257648640
257658880
257662976
257669120
257671168
257673216
257675264
257677312
257679360
257681408
257683456
257693696
257703936
257714176
257724416
257734656
257744896
257755136
257765376
257775616
257785856
257796096
257806336
257816576
257826816
257837056
257847296
257857536
257867776
257878016
257888256
257898496
257908736
257918976
257929216
257939456
257949696
257959936
257970176
257980416
257990656
258000896
258011136
258021376
258031616
258041856
258052096
258062336
258072576
258082816
258093056
258103296
258113536
258123776
258134016
258144256
258154496
258164736
258174976
258185216
258195456
258205696
258215936
258226176
258236416
258246656
258256896
-1
